 1018.0      9   21.8   20.1     90  14.77    180      2  293.4  335.7  296.1
 1000.0    167   20.4   19.2     93  14.21    160      6  293.6  334.2  296.1
  956.0    556   18.0   17.8     99  13.60    172      8  294.9  334.0  297.3
  925.0    839   16.6   16.4     99  12.84    180      9  296.3  333.5  298.6
  850.0   1557   13.4   13.0     97  11.19    260      6  300.2  333.2  302.2
  792.0   2152   11.0   11.0    100  10.51    267     11  303.7  335.3  305.6
  779.0   2291   12.8   12.8    100  12.07    269     12  307.1  343.7  309.3
  748.0   2633   11.8   11.5     98  11.52    273     15  309.6  345.0  311.7
  735.0   2780   13.0    8.6     75   9.63    275     16  312.5  342.5  314.3
  700.0   3190   11.2    5.2     67   7.98    280     20  314.9  340.2  316.4
  670.0   3555    9.6    1.6     57   6.45    279     21  317.0  337.8  318.3
  582.0   4705    1.0  -11.0     40   2.85    277     24  320.0  329.7  320.6
  566.0   4928   -0.9   -4.5     77   4.87    277     25  320.3  336.4  321.3
  561.0   4999   -1.1   -9.1     55   3.44    277     25  320.9  332.5  321.6
  556.0   5070   -0.1  -23.1     16   1.08    277     25  322.9  326.8  323.1
  500.0   5910   -5.3  -34.3      8   0.42    275     28  326.5  328.1  326.6
  449.0   6743  -12.1  -37.1     11   0.35    268     32  328.2  329.6  328.2
  407.0   7489  -14.7  -47.7      4   0.13    261     35  334.1  334.7  334.2
  400.0   7620  -15.9  -46.9      5   0.14    260     36  334.2  334.8  334.3
  326.0   9125  -27.9  -51.9      8   0.10    264     42  337.8  338.2  337.8
  309.0   9509  -28.9  -58.9      4   0.04    264     43  341.6  341.8  341.6
  300.0   9720  -30.5  -59.5      4   0.04    265     44  342.3  342.5  342.3
  275.0  10333  -34.3  -61.3      5   0.04    277     43  345.4  345.6  345.4
  250.0  10990  -40.3  -47.3     47   0.22    290     41  346.0  346.9  346.1
  242.0  11212  -42.5  -47.5     58   0.22    290     42  345.9  346.9  346.0
  236.0  11383  -43.3  -56.3     22   0.08    290     43  347.2  347.6  347.2
  206.0  12287  -51.5  -54.5     70   0.11    290     49  348.1  348.6  348.1
  200.0  12480  -52.5  -60.5     37   0.06    290     50  349.5  349.7  349.5
  199.0  12512  -52.5  -60.5     37   0.06    290     50  350.0  350.2  350.0
  184.0  13010  -56.7  -60.2     64   0.06    284     50  351.1  351.4  351.1
  179.0  13184  -57.7  -65.7     35   0.03    282     50  352.2  352.4  352.2
  166.0  13652  -61.1  -64.6     63   0.04    277     50  354.2  354.4  354.2
  150.0  14270  -66.3  -74.3     32   0.01    270     50  355.7  355.7  355.7
  147.0  14392  -67.5  -76.5     27   0.01    271     49  355.7  355.7  355.7
  101.0  16584  -80.5  -85.5     43   0.00    285     30  370.9  370.9  370.9
  100.0  16640  -80.7  -85.7     43   0.00    285     30  371.6  371.6  371.6
   96.5  16841  -81.3  -87.3     36   0.00    290     39  374.2  374.2  374.2
   95.0  16929  -81.2  -87.3     36   0.00    285     41  376.1  376.1  376.1
   87.0  17426  -80.7  -87.3     33   0.00    265     25  386.7  386.7  386.7
   84.0  17624  -80.5  -87.3     31   0.00    270     18  391.0  391.0  391.0
   81.8  17773  -80.3  -87.3     31   0.00    292     24  394.3  394.4  394.3
   81.0  17830  -79.9  -87.4     29   0.00    300     26  396.2  396.2  396.2
   75.0  18271  -77.1  -87.9     16   0.00    260     19  411.0  411.0  411.0
   72.0  18505  -75.6  -88.2     12   0.00    290     25  419.0  419.0  419.0
   71.5  18545  -75.3  -88.3     12   0.00    288     26  420.4  420.4  420.4
   70.2  18653  -68.7  -86.7      6   0.00    281     29  436.7  436.7  436.7
   70.0  18670  -68.7  -86.7      6   0.00    280     30  437.1  437.1  437.1
   68.0  18843  -68.8  -87.2      6   0.00    270     31  440.4  440.4  440.4
   66.0  19022  -69.0  -87.8      5   0.00    265     23  443.8  443.8  443.8
   64.0  19206  -69.2  -88.3      5   0.00    300     15  447.4  447.4  447.4
   63.0  19300  -69.2  -88.6      5   0.00    310     16  449.2  449.2  449.2
   60.0  19591  -69.5  -89.5      4   0.00    295     27  455.0  455.0  455.0
   58.0  19798  -68.0  -89.3      3   0.00    315     21  462.7  462.7  462.7
   55.0  20121  -65.8  -89.1      3   0.00    290     26  474.9  475.0  474.9
   54.0  20232  -65.0  -89.0      2   0.00    290     27  479.2  479.3  479.2
   51.0  20580  -62.5  -88.8      2   0.00    325     20  492.9  492.9  492.9
   50.0  20700  -61.7  -88.7      2   0.00    315     22  497.7  497.7  497.7
   47.3  21045  -60.5  -88.5      1   0.00    293     18  508.5  508.5  508.5