 1006.0      9   26.2   19.2     65  14.12     40      4  298.8  340.2  301.4
 1000.0     62   28.0   15.0     45  10.83     40      4  301.1  333.4  303.1
  998.0     80   28.8   12.8     37   9.39     37      5  302.1  330.3  303.8
  970.0    333   28.4   10.4     33   8.22    358     19  304.2  329.2  305.7
  940.1    610   27.6    7.9     29   7.16    315     35  306.1  328.1  307.4
  934.0    668   27.4    7.4     28   6.96    315     36  306.5  327.9  307.8
  925.0    753   26.8    7.8     30   7.22    315     38  306.7  329.0  308.0
  908.1    914   25.4    7.5     32   7.23    315     37  306.9  329.2  308.3
  850.0   1491   20.6    6.6     40   7.24    310     44  307.7  330.1  309.1
  787.6   2134   15.1    4.5     49   6.72    300     47  308.6  329.6  309.9
  759.7   2438   12.6    3.4     54   6.48    300     47  309.0  329.3  310.2
  707.0   3044    7.4    1.4     66   6.03    295     41  309.8  328.7  310.9
  706.6   3048    7.5    1.3     65   5.99    295     41  309.9  328.7  311.0
  700.0   3126    8.6   -0.4     53   5.34    275     49  312.0  329.0  313.0
  680.8   3353    7.2   -1.6     53   5.02    265     52  312.9  329.0  313.9
  608.5   4267    1.7   -6.5     55   3.89    250     49  316.7  329.5  317.5
  593.0   4478    0.4   -7.6     55   3.66    257     47  317.6  329.7  318.3
  564.2   4877   -0.0  -20.2     20   1.37    270     44  321.6  326.5  321.9
  560.0   4937   -0.1  -22.1     17   1.17    271     45  322.2  326.4  322.5
  502.5   5791   -7.8  -21.1     33   1.42    280     61  323.1  328.1  323.4
  500.0   5830   -8.1  -21.1     34   1.43    280     59  323.1  328.2  323.4
  483.0   6096  -10.6  -21.6     40   1.42    285     59  323.2  328.3  323.5
  459.0   6488  -14.3  -22.3     51   1.40    289     58  323.4  328.4  323.6
  450.0   6638  -14.3  -32.3     20   0.57    291     57  325.2  327.3  325.3
  428.2   7010  -17.2  -37.7     15   0.35    295     56  326.2  327.5  326.2
  400.0   7520  -21.1  -45.1     10   0.17    295     63  327.5  328.2  327.5
  397.0   7575  -21.5  -45.5     10   0.17    295     63  327.7  328.3  327.7
  379.0   7917  -21.7  -49.7      6   0.11    295     65  331.8  332.2  331.8
  362.8   8230  -24.1  -49.6      8   0.11    295     67  332.7  333.2  332.7
  308.0   9406  -33.3  -49.3     19   0.14    286     87  335.8  336.4  335.8
  300.0   9590  -33.5  -53.5     12   0.09    285     90  338.0  338.4  338.1
  295.0   9708  -33.9  -55.9      9   0.07    285     89  339.1  339.4  339.1
  293.0   9754  -34.3  -56.0      9   0.07    285     89  339.1  339.4  339.2
  268.1  10363  -40.0  -57.4     14   0.06    285     85  339.6  339.9  339.6
  250.0  10840  -44.5  -58.5     19   0.06    290     86  339.8  340.0  339.8
  240.0  11111  -47.3  -59.3     24   0.05    288     89  339.6  339.8  339.6
  228.0  11449  -48.1  -70.1      6   0.01    285     94  343.3  343.4  343.3
  205.0  12140  -53.0  -67.7     15   0.02    280    103  346.3  346.4  346.3
  203.3  12192  -53.3  -67.5     16   0.02    280    103  346.5  346.6  346.5
  200.0  12300  -54.1  -67.1     19   0.02    280    103  346.9  347.1  346.9
  164.0  13545  -63.5  -74.5     21   0.01    280    100  351.4  351.5  351.4
  159.5  13716  -64.2  -76.2     18   0.01    280     99  353.0  353.0  353.0
  150.0  14090  -65.9  -79.9     13   0.00    285     92  356.4  356.4  356.4
  123.7  15240  -71.9  -83.4     17   0.00    285     77  365.6  365.7  365.6
  119.0  15473  -73.1  -84.1     18   0.00    295     83  367.5  367.5  367.5
  111.6  15850  -72.2  -85.5     12   0.00    295     83  376.0  376.0  376.0
  101.0  16441  -70.7  -87.7      7   0.00    272     68  389.8  389.8  389.8
  100.0  16500  -69.9  -87.9      6   0.00    270     66  392.4  392.4  392.4
   95.6  16764  -71.7  -88.2      7   0.00    270     66  394.0  394.0  394.0
   88.0  17248  -75.0  -88.6     11   0.00    280     47  396.8  396.8  396.8
   83.9  17527  -76.9  -88.9     13   0.00    285     49  398.4  398.4  398.4
   76.0  18100  -73.7  -89.7      7   0.00    300     62  416.5  416.5  416.5
   72.0  18415  -75.5  -91.5      7   0.00    309     70  419.1  419.2  419.1
   71.3  18472  -73.5  -91.6      5   0.00    310     71  424.6  424.6  424.6
   71.0  18497  -72.6  -91.6      4   0.00    310     71  427.0  427.0  427.0
   70.0  18580  -69.7  -91.7      3   0.00    310     71  434.9  434.9  434.9
   67.0  18846  -63.0  -91.2      1   0.00    290     63  454.9  454.9  454.9
   66.6  18882  -62.1  -91.1      1   0.00    290     60  457.6  457.7  457.6
   63.0  19226  -62.0  -90.5      1   0.00    285     35  465.1  465.1  465.1
   62.0  19325  -62.0  -90.3      1   0.00    280     29  467.3  467.3  467.3
   60.0  19527  -62.0  -89.9      1   0.00    255     23  471.8  471.8  471.8
   58.0  19737  -62.0  -89.5      1   0.00    260     22  476.4  476.4  476.4
   56.0  19954  -61.9  -89.1      2   0.00    300     19  481.3  481.3  481.3
   55.0  20065  -61.9  -88.9      2   0.00    310     20  483.8  483.9  483.8
   51.1  20524  -58.9  -87.9      1   0.00    266     14  501.1  501.1  501.1
   51.0  20536  -59.0  -88.0      1   0.00    265     14  501.3  501.3  501.3
   50.0  20660  -59.5  -88.5      1   0.00    265     14  502.8  502.9  502.8
   48.6  20837  -60.5  -88.5      1   0.00    279     20  504.6  504.6  504.6
   47.0  21050  -59.5  -88.2      1   0.00    295     28  511.7  511.7  511.7
   44.0  21469  -57.7  -87.6      1   0.00    250     19  526.0  526.1  526.0
   41.0  21918  -55.6  -87.0      1   0.01    265     18  541.8  541.8  541.8
   39.0  22235  -54.2  -86.5      1   0.01    230     17  553.2  553.2  553.2
   38.0  22400  -53.5  -86.3      1   0.01    235     14  559.2  559.2  559.2
   36.0  22744  -51.9  -85.8      1   0.01    310      9  571.9  571.9  571.9
   35.7  22797  -51.7  -85.7      1   0.01    317     10  573.9  573.9  573.9
   35.0  22925  -52.1  -85.9      1   0.01    335     11  576.2  576.2  576.2
   32.3  23443  -53.5  -86.5      1   0.01    277     15  585.7  585.8  585.7