 1021.0      9   20.4   17.0     81  12.08    170      5  291.8  326.2  293.9
 1009.0    111   22.2   18.3     79  13.29    150      4  294.6  332.8  296.9
 1000.0    189   22.2   17.8     76  12.99    135      4  295.4  332.8  297.6
  929.0    827   18.0   16.8     93  13.12    130      4  297.3  335.5  299.7
  925.0    864   18.0   16.3     90  12.76    130      4  297.7  334.9  300.0
  885.0   1243   16.4   13.7     84  11.25    127      3  299.8  333.0  301.9
  866.0   1428   17.4    6.4     48   7.01    126      2  302.7  324.0  304.0
  850.0   1587   16.0    7.0     55   7.44    125      2  302.9  325.4  304.2
  848.0   1607   15.9    6.8     55   7.34    165      2  302.9  325.2  304.3
  830.0   1789   14.6    4.6     51   6.45    171      3  303.5  323.2  304.7
  812.0   1974   15.2   -9.8     17   2.25    177      4  306.0  313.4  306.4
  766.0   2464   12.2  -24.8      6   0.67    194      6  307.9  310.3  308.1
  704.0   3165    9.2  -25.8      6   0.67    218     10  312.1  314.5  312.3
  700.0   3212    9.0  -26.0      6   0.66    220     10  312.4  314.8  312.5
  687.0   3366    7.7  -25.3      8   0.72    205     11  312.7  315.2  312.8
  662.0   3670    5.2  -23.8     10   0.85    225     10  313.2  316.2  313.3
  626.0   4125    4.2  -33.8      4   0.35    199     10  317.1  318.4  317.1
  620.0   4202    3.6  -34.1      4   0.35    195     10  317.3  318.6  317.4
  579.0   4748   -0.3  -36.4      5   0.29    210     10  318.9  320.1  319.0
  537.0   5349   -4.7  -38.9      5   0.25    245      4  320.7  321.7  320.7
  531.0   5439   -5.3  -39.3      5   0.24    253      7  320.9  321.9  321.0
  526.0   5513   -5.1  -42.6      3   0.17    260     10  322.1  322.7  322.1
  521.0   5588   -4.9  -45.9      2   0.12    261     13  323.2  323.7  323.2
  500.0   5910   -6.3  -24.3     23   1.08    265     26  325.3  329.2  325.5
  480.0   6228   -8.8  -26.0     24   0.97    270     34  326.0  329.6  326.2
  476.0   6293   -9.3  -26.3     24   0.94    271     34  326.2  329.7  326.4
  455.0   6635  -12.2  -28.0     25   0.84    275     32  326.8  329.9  327.0
  441.0   6872  -14.2  -29.2     27   0.78    295     31  327.2  330.1  327.4
  411.0   7407  -18.7  -31.9     30   0.64    285     28  328.1  330.5  328.2
  407.0   7481  -19.3  -32.3     31   0.63    290     28  328.2  330.6  328.3
  400.0   7610  -20.5  -35.5     25   0.47    300     28  328.3  330.1  328.4
  390.0   7796  -22.0  -38.9     20   0.34    295     28  328.7  330.0  328.7
  379.0   8006  -23.7  -42.7     16   0.23    280     21  329.1  330.1  329.2
  375.0   8083  -22.9  -48.9      7   0.12    275     18  331.2  331.7  331.2
  361.0   8361  -23.9  -57.9      3   0.04    255      8  333.5  333.7  333.5
  350.0   8583  -25.8  -58.5      3   0.04    250     10  333.9  334.1  333.9
  321.0   9204  -31.1  -60.1      4   0.04    232     11  334.9  335.1  334.9
  303.0   9610  -33.7  -61.8      4   0.03    220     12  336.9  337.0  336.9
  300.0   9680  -34.1  -62.1      4   0.03    240      9  337.2  337.3  337.2
  287.0   9989  -36.3  -64.3      4   0.02    237      7  338.4  338.5  338.4
  281.0  10136  -35.9  -64.9      3   0.02    236      7  341.0  341.1  341.0
  256.0  10777  -40.8  -61.1      9   0.04    230      3  342.9  343.1  342.9
  250.0  10940  -42.1  -60.1     12   0.05    160      9  343.3  343.6  343.4
  239.0  11242  -44.7  -61.7     13   0.04    189     10  343.9  344.1  343.9
  235.0  11353  -45.5  -62.5     13   0.04    200     11  344.3  344.5  344.3
  229.0  11523  -46.7  -63.7     13   0.03    220     14  345.0  345.1  345.0
  215.0  11937  -49.7  -66.7     12   0.02    185     11  346.6  346.7  346.6
  202.0  12346  -52.7  -69.7     11   0.02    175     23  348.2  348.2  348.2
  200.0  12410  -52.3  -71.3      8   0.01    175     23  349.8  349.9  349.8
  197.0  12508  -52.5  -72.5      7   0.01    176     22  351.0  351.0  351.0
  165.0  13626  -62.9  -71.9     29   0.01    189      4  351.8  351.9  351.8
  163.0  13701  -63.2  -72.8     26   0.01    190      3  352.6  352.7  352.6
  150.0  14210  -64.9  -78.9     13   0.01    200     15  358.1  358.1  358.1
  146.0  14374  -65.2  -79.8     12   0.00    225     10  360.4  360.4  360.4
  138.0  14716  -65.7  -81.5      9   0.00    340     11  365.3  365.3  365.3
  132.0  14986  -66.2  -83.0      8   0.00    270     12  369.2  369.2  369.2
  128.0  15173  -66.5  -84.0      7   0.00    245     15  371.9  371.9  371.9
  125.0  15317  -66.7  -84.7      6   0.00    244     16  374.0  374.0  374.0
  100.0  16640  -74.5  -86.5     14   0.00    235     22  383.5  383.6  383.5
   96.0  16875  -75.2  -86.8     15   0.00    230     20  386.8  386.8  386.8
   90.0  17248  -76.2  -87.3     16   0.00    265     13  391.9  391.9  391.9
   88.3  17357  -76.5  -87.5     16   0.00    265     12  393.4  393.4  393.4
   87.0  17442  -76.6  -87.6     16   0.00    255     11  394.8  394.8  394.8
   85.0  17576  -76.8  -87.8     16   0.00    265      9  397.0  397.0  397.0
   84.0  17643  -77.0  -88.0     16   0.00    280     10  398.1  398.1  398.1
   82.7  17733  -77.1  -88.1     16   0.00    278     12  399.6  399.6  399.6
   81.0  17853  -75.8  -88.4     12   0.00    275     15  404.6  404.6  404.6
   78.0  18071  -73.5  -89.0      8   0.00    295     22  413.8  413.8  413.8
   77.5  18108  -73.1  -89.1      7   0.00    294     23  415.4  415.4  415.4
   74.0  18377  -74.0  -90.0      7   0.00    290     28  419.0  419.0  419.0
   72.9  18464  -74.3  -90.3      7   0.00    288     28  420.2  420.2  420.2
   71.0  18618  -73.8  -90.4      6   0.00    285     28  424.5  424.5  424.5
   70.0  18700  -73.5  -90.5      6   0.00    285     28  426.8  426.8  426.8
   68.0  18872  -72.6  -90.5      5   0.00    250     28  432.2  432.3  432.2
   61.0  19518  -69.3  -90.5      3   0.00    240     20  453.2  453.2  453.2
   59.3  19686  -68.5  -90.5      3   0.00    261     25  458.7  458.8  458.7
   59.0  19716  -68.7  -90.5      3   0.00    265     26  459.1  459.1  459.1
   56.7  19954  -69.9  -90.9      3   0.00    265     27  461.5  461.5  461.5
   53.3  20329  -64.3  -90.3      2   0.00    265     28  482.6  482.7  482.6
   50.0  20720  -65.7  -89.7      2   0.00    265     29  488.2  488.3  488.2
   49.5  20781  -65.9  -90.9      2   0.00    264     30  489.2  489.2  489.2
   49.0  20843  -63.5  -89.5      2   0.00    263     32  496.3  496.3  496.3
   48.0  20970  -63.2  -89.5      2   0.00    260     35  499.8  499.9  499.8
   45.0  21368  -62.4  -89.4      2   0.00    270     18  511.2  511.2  511.2
   43.0  21649  -61.8  -89.3      1   0.00    295     20  519.3  519.3  519.3
   41.3  21898  -61.3  -89.3      1   0.00    281     19  526.6  526.6  526.6
   40.0  22099  -59.9  -88.8      1   0.00    270     19  534.9  534.9  534.9
   39.0  22258  -58.9  -88.5      1   0.00    295     14  541.5  541.5  541.5
   37.0  22589  -56.6  -87.7      1   0.00    245     15  555.5  555.5  555.5
   35.9  22779  -55.3  -87.3      1   0.01    264     13  563.6  563.7  563.6
   35.0  22940  -55.9  -87.4      1   0.01    280     11  566.2  566.2  566.2
   32.1  23488  -57.9  -87.9      1   0.01    266     20  575.0  575.0  575.0